time 62.000000  10  6.2
time 118.000000  20  5.9
time 178.000000  30  5.93333333333333
time 235.000000  40  5.875
time 278.000000  50  5.56
time 351.000000  60  5.85
time 411.000000  70  5.87142857142857
time 440.000000  80  5.5
time 518.000000  90  5.75555555555556
time 586.000000  100  5.86
time 1135.000000  200  5.675
time 1693.000000  300  5.64333333333333
time 2192.000000  400  5.48
time 3023.000000  500  6.046
time 3562.000000  600  5.93666666666667
time 4224.000000  700  6.03428571428571
time 4819.000000  800  6.02375
time 5154.000000  900  5.72666666666667
time 5712.000000  1000  5.712
time 11320.000000  2000  5.66
time 16676.000000  3000  5.55866666666667
time 22871.000000  4000  5.71775
time 28846.000000  5000  5.7692
time 32886.000000  6000  5.481
time 39679.000000  7000  5.66842857142857
time 45298.000000  8000  5.66225
time 51778.000000  9000  5.75311111111111
time 57134.000000  10000  5.7134
time 109289.000000  20000  5.46445
time 173604.000000  30000  5.7868
time 229986.000000  40000  5.74965
time 280290.000000  50000  5.6058
time 337436.000000  60000  5.62393333333333
time 401376.000000  70000  5.73394285714286
time 459256.000000  80000  5.7407
time 493571.000000  90000  5.48412222222222
