time 18.000000 10  1.8
time 23.000000 20  1.15
time 33.000000 30  1.1
time 42.000000 40  1.05
time 54.000000 50  1.08
time 193.000000 60  3.21666666666667
time 74.000000 70  1.05714285714286
time 87.000000 80  1.0875
time 91.000000 90  1.01111111111111
time 100.000000 100  1.0
time 197.000000 200  0.985
time 566.000000 300  1.88666666666667
time 406.000000 400  1.015
time 488.000000 500  0.976
time 646.000000 600  1.07666666666667
time 686.000000 700  0.98
time 832.000000 800  1.04
time 901.000000 900  1.00111111111111
time 1052.000000 1000  1.052
time 2097.000000 2000  1.0485
time 4185.000000 3000  1.395
time 4190.000000 4000  1.0475
time 5272.000000 5000  1.0544
time 5903.000000 6000  0.983833333333333
time 7231.000000 7000  1.033
time 8824.000000 8000  1.103
time 9323.000000 9000  1.03588888888889
time 9831.000000 10000  0.9831
time 19883.000000 20000  0.99415
time 31182.000000 30000  1.0394
time 40769.000000 40000  1.019225
time 50017.000000 50000  1.00034
time 59247.000000 60000  0.98745
time 72178.000000 70000  1.03111428571429
time 78124.000000 80000  0.97655
time 88871.000000 90000  0.987455555555556
