time 45.000000 10 4.5
time 74.000000 20 3.7
time 103.000000 30 3.43333333333333
time 138.000000 40 3.45
time 167.000000 50 3.34
time 195.000000 60 3.25
time 232.000000 70 3.31428571428571
time 253.000000 80 3.1625
time 285.000000 90 3.16666666666667
time 317.000000 100 3.17
time 615.000000 200 3.075
time 904.000000 300 3.01333333333333
time 1196.000000 400 2.99
time 1518.000000 500 3.036
time 1830.000000 600 3.05
time 2103.000000 700 3.00428571428571
time 2424.000000 800 3.03
time 2727.000000 900 3.03
time 3137.000000 1000 3.137
time 6067.000000 2000 3.0335
time 8947.000000 3000 2.98233333333333
time 11977.000000 4000 2.99425
time 15010.000000 5000 3.002
time 18584.000000 6000 3.09733333333333
time 21048.000000 7000 3.00685714285714
time 24106.000000 8000 3.01325
time 27588.000000 9000 3.06533333333333
time 30522.000000 10000 3.0522
time 60374.000000 20000 3.0187
time 91088.000000 30000 3.03626666666667
time 120932.000000 40000 3.0233
time 150846.000000 50000 3.01692
time 180912.000000 60000 3.0152
time 211579.000000 70000 3.02255714285714
time 243978.000000 80000 3.049725
time 273169.000000 90000 3.03521111111111
